MGRS: 18T
NLCD: 

Randomly drop one datapoint during the year
            method     rmse      mae      mbe        m        b       r2        n
       interpolate   0.1355   0.1014   0.0087   0.7823   0.1816   0.8007     4482
        climo_mean   0.1195   0.0882   0.0002   0.8389   0.1280   0.8439     4482
      climo_median   0.1231   0.0845  -0.0010   0.8620   0.1085   0.8352     4482
             conor   0.1097   0.0827   0.0023   0.8917   0.0883   0.8692     4482
     interp_clim_a   0.1133   0.0852   0.0045   0.8106   0.1548   0.8630     4482
     interp_clim_b   0.1151   0.0861   0.0059   0.8067   0.1594   0.8588     4482
     interp_clim_c   0.1139   0.0840   0.0039   0.8221   0.1450   0.8601     4482
       whit_a_0p50   0.1347   0.1011   0.0070   0.8125   0.1558   0.8024     4482
       whit_a_0p20   0.1329   0.0994   0.0065   0.8380   0.1351   0.8084     4482
       whit_a_0p10   0.1332   0.0994   0.0063   0.8496   0.1256   0.8086     4482
       whit_a_0p05   0.1341   0.1000   0.0061   0.8566   0.1199   0.8069     4482
       whit_a_0p01   0.1360   0.1015   0.0058   0.8633   0.1143   0.8027     4482

Randomly drop one datapoint during the growing season (Apr-Sept
            method     rmse      mae      mbe        m        b       r2        n
       interpolate   0.1133   0.0867  -0.0190   0.8332   0.1314   0.8355     4482
        climo_mean   0.1002   0.0743  -0.0027   0.8583   0.1251   0.8678     4482
      climo_median   0.1022   0.0707   0.0009   0.8770   0.1118   0.8625     4482
             conor   0.0922   0.0700  -0.0009   0.9105   0.0798   0.8884     4482
     interp_clim_a   0.0947   0.0719  -0.0109   0.8457   0.1282   0.8850     4482
     interp_clim_b   0.0952   0.0721  -0.0108   0.8448   0.1291   0.8839     4482
     interp_clim_c   0.0947   0.0703  -0.0090   0.8551   0.1216   0.8837     4482
       whit_a_0p50   0.1131   0.0862  -0.0110   0.8506   0.1237   0.8332     4482
       whit_a_0p20   0.1113   0.0847  -0.0069   0.8716   0.1089   0.8386     4482
       whit_a_0p10   0.1113   0.0846  -0.0053   0.8815   0.1015   0.8391     4482
       whit_a_0p05   0.1120   0.0848  -0.0045   0.8880   0.0965   0.8380     4482
       whit_a_0p01   0.1134   0.0857  -0.0038   0.8945   0.0913   0.8349     4482

Randomly drop one datapoint in the non-growing season (Oct-Mar)
            method     rmse      mae      mbe        m        b       r2        n
       interpolate   0.1688   0.1298   0.0417   0.7119   0.2269   0.6260     4422
        climo_mean   0.1433   0.1104  -0.0106   0.6895   0.1890   0.7057     4422
      climo_median   0.1492   0.1067  -0.0176   0.7087   0.1697   0.6843     4422
             conor   0.1381   0.1067  -0.0104   0.7593   0.1443   0.7280     4422
     interp_clim_a   0.1396   0.1079   0.0156   0.7007   0.2080   0.7233     4422
     interp_clim_b   0.1426   0.1097   0.0190   0.6984   0.2129   0.7122     4422
     interp_clim_c   0.1411   0.1071   0.0121   0.7103   0.1983   0.7149     4422
       whit_a_0p50   0.1671   0.1291   0.0246   0.7266   0.2004   0.6230     4422
       whit_a_0p20   0.1664   0.1281   0.0152   0.7470   0.1778   0.6269     4422
       whit_a_0p10   0.1676   0.1288   0.0110   0.7579   0.1666   0.6248     4422
       whit_a_0p05   0.1694   0.1300   0.0083   0.7650   0.1594   0.6207     4422
       whit_a_0p01   0.1725   0.1325   0.0057   0.7719   0.1524   0.6126     4422

Randomly drop one datapoint during the winter
            method     rmse      mae      mbe        m        b       r2        n
       interpolate   0.1841   0.1387   0.0509   0.6324   0.2468   0.4917     3115
        climo_mean   0.1540   0.1178   0.0009   0.5820   0.2236   0.5845     3115
      climo_median   0.1599   0.1110  -0.0086   0.6021   0.2034   0.5570     3115
             conor   0.1427   0.1100   0.0050   0.6985   0.1656   0.6478     3115
     interp_clim_a   0.1518   0.1162   0.0259   0.6072   0.2352   0.6082     3115
     interp_clim_b   0.1601   0.1212   0.0341   0.6112   0.2413   0.5737     3115
     interp_clim_c   0.1530   0.1140   0.0211   0.6172   0.2251   0.5986     3115
       whit_a_0p50   0.1808   0.1359   0.0212   0.6310   0.2179   0.4816     3115
       whit_a_0p20   0.1801   0.1350   0.0111   0.6525   0.1962   0.4887     3115
       whit_a_0p10   0.1814   0.1362   0.0076   0.6651   0.1861   0.4883     3115
       whit_a_0p05   0.1833   0.1379   0.0062   0.6739   0.1799   0.4854     3115
       whit_a_0p01   0.1865   0.1409   0.0055   0.6836   0.1741   0.4789     3115

Randomly drop a two month gap during the year
            method     rmse      mae      mbe        m        b       r2        n
       interpolate   0.1697   0.1294   0.0104   0.6956   0.2501   0.6839     4482
        climo_mean   0.1202   0.0891  -0.0017   0.8366   0.1270   0.8407     4482
      climo_median   0.1249   0.0857  -0.0026   0.8569   0.1101   0.8290     4482
             conor   0.1142   0.0857  -0.0006   0.8613   0.1086   0.8563     4482
     interp_clim_a   0.1274   0.0971   0.0044   0.7661   0.1885   0.8256     4482
     interp_clim_b   0.1312   0.0993   0.0068   0.7587   0.1968   0.8146     4482
     interp_clim_c   0.1280   0.0960   0.0039   0.7762   0.1801   0.8221     4482
       whit_a_0p50   0.1655   0.1249   0.0086   0.7563   0.2004   0.7027     4482
       whit_a_0p20   0.1658   0.1245   0.0075   0.7832   0.1782   0.7060     4482
       whit_a_0p10   0.1676   0.1257   0.0070   0.7949   0.1685   0.7027     4482
       whit_a_0p05   0.1698   0.1274   0.0067   0.8016   0.1629   0.6979     4482
       whit_a_0p01   0.1732   0.1299   0.0064   0.8076   0.1579   0.6896     4482

Randomly drop a two month gap during the growing season (Apr-Sept)
            method     rmse      mae      mbe        m        b       r2        n
       interpolate   0.1392   0.1068  -0.0412   0.7985   0.1419   0.7550     4482
        climo_mean   0.0990   0.0732  -0.0031   0.8636   0.1209   0.8630     4482
      climo_median   0.1017   0.0705   0.0003   0.8812   0.1082   0.8559     4482
             conor   0.0943   0.0704  -0.0011   0.8963   0.0932   0.8759     4482
     interp_clim_a   0.1033   0.0789  -0.0221   0.8311   0.1314   0.8584     4482
     interp_clim_b   0.1041   0.0794  -0.0222   0.8295   0.1328   0.8559     4482
     interp_clim_c   0.1032   0.0779  -0.0205   0.8399   0.1251   0.8570     4482
       whit_a_0p50   0.1367   0.1033  -0.0209   0.8286   0.1349   0.7521     4482
       whit_a_0p20   0.1368   0.1032  -0.0145   0.8495   0.1223   0.7532     4482
       whit_a_0p10   0.1384   0.1044  -0.0119   0.8590   0.1162   0.7498     4482
       whit_a_0p05   0.1401   0.1057  -0.0105   0.8647   0.1125   0.7455     4482
       whit_a_0p01   0.1429   0.1078  -0.0093   0.8700   0.1089   0.7387     4482

Randomly drop a two month gap during the the non-growing season (Oct-Mar)
            method     rmse      mae      mbe        m        b       r2        n
       interpolate   0.2064   0.1604   0.0884   0.6772   0.2888   0.5322     4422
        climo_mean   0.1445   0.1116  -0.0040   0.6852   0.1915   0.6957     4422
      climo_median   0.1500   0.1064  -0.0105   0.7031   0.1739   0.6744     4422
             conor   0.1391   0.1076  -0.0042   0.7243   0.1670   0.7180     4422
     interp_clim_a   0.1551   0.1213   0.0422   0.6812   0.2401   0.6751     4422
     interp_clim_b   0.1623   0.1260   0.0485   0.6748   0.2505   0.6508     4422
     interp_clim_c   0.1557   0.1198   0.0389   0.6901   0.2313   0.6691     4422
       whit_a_0p50   0.2013   0.1562   0.0572   0.6969   0.2454   0.5181     4422
       whit_a_0p20   0.2011   0.1554   0.0453   0.7134   0.2233   0.5157     4422
       whit_a_0p10   0.2027   0.1562   0.0399   0.7217   0.2127   0.5108     4422
       whit_a_0p05   0.2047   0.1574   0.0363   0.7267   0.2060   0.5051     4422
       whit_a_0p01   0.2080   0.1599   0.0326   0.7309   0.1996   0.4958     4422

Randomly drop a three month gap during the year
            method     rmse      mae      mbe        m        b       r2        n
       interpolate   0.1933   0.1486   0.0189   0.6374   0.2997   0.5987     4482
        climo_mean   0.1241   0.0923  -0.0035   0.8275   0.1301   0.8322     4482
      climo_median   0.1289   0.0892  -0.0050   0.8471   0.1134   0.8200     4482
             conor   0.1206   0.0899  -0.0020   0.8445   0.1184   0.8415     4482
     interp_clim_a   0.1393   0.1070   0.0077   0.7324   0.2149   0.7939     4482
     interp_clim_b   0.1442   0.1098   0.0114   0.7228   0.2260   0.7787     4482
     interp_clim_c   0.1395   0.1058   0.0070   0.7422   0.2065   0.7915     4482
       whit_a_0p50   0.1880   0.1416   0.0159   0.7208   0.2321   0.6304     4482
       whit_a_0p20   0.1886   0.1413   0.0135   0.7514   0.2060   0.6353     4482
       whit_a_0p10   0.1910   0.1431   0.0122   0.7646   0.1945   0.6318     4482
       whit_a_0p05   0.1936   0.1453   0.0114   0.7719   0.1880   0.6264     4482
       whit_a_0p01   0.1975   0.1486   0.0104   0.7780   0.1823   0.6174     4482

Randomly drop a three month gap during the growing season (Apr-Sept)
            method     rmse      mae      mbe        m        b       r2        n
       interpolate   0.1690   0.1320  -0.0619   0.7355   0.1762   0.6668     4482
        climo_mean   0.1031   0.0760  -0.0061   0.8571   0.1226   0.8542     4482
      climo_median   0.1063   0.0733  -0.0039   0.8746   0.1090   0.8456     4482
             conor   0.1002   0.0741  -0.0046   0.8774   0.1058   0.8625     4482
     interp_clim_a   0.1178   0.0915  -0.0340   0.7963   0.1494   0.8258     4482
     interp_clim_b   0.1189   0.0922  -0.0341   0.7942   0.1512   0.8223     4482
     interp_clim_c   0.1176   0.0903  -0.0329   0.8050   0.1426   0.8250     4482
       whit_a_0p50   0.1642   0.1245  -0.0309   0.7825   0.1648   0.6633     4482
       whit_a_0p20   0.1657   0.1248  -0.0242   0.8039   0.1523   0.6611     4482
       whit_a_0p10   0.1686   0.1269  -0.0220   0.8125   0.1468   0.6539     4482
       whit_a_0p05   0.1717   0.1293  -0.0211   0.8167   0.1438   0.6458     4482
       whit_a_0p01   0.1761   0.1326  -0.0207   0.8195   0.1418   0.6337     4482

Randomly drop a three month gap during the the non-growing season (Oct-Mar)
            method     rmse      mae      mbe        m        b       r2        n
       interpolate   0.2186   0.1690   0.1068   0.6710   0.3147   0.5278     4422
        climo_mean   0.1401   0.1068  -0.0004   0.7200   0.1765   0.7243     4422
      climo_median   0.1452   0.1014  -0.0060   0.7405   0.1580   0.7059     4422
             conor   0.1358   0.1040  -0.0007   0.7480   0.1585   0.7409     4422
     interp_clim_a   0.1580   0.1215   0.0532   0.6955   0.2456   0.6890     4422
     interp_clim_b   0.1669   0.1272   0.0608   0.6862   0.2591   0.6615     4422
     interp_clim_c   0.1585   0.1203   0.0504   0.7058   0.2363   0.6834     4422
       whit_a_0p50   0.2098   0.1611   0.0675   0.6994   0.2575   0.5135     4422
       whit_a_0p20   0.2103   0.1611   0.0547   0.7195   0.2319   0.5086     4422
       whit_a_0p10   0.2128   0.1629   0.0491   0.7308   0.2192   0.5020     4422
       whit_a_0p05   0.2157   0.1652   0.0456   0.7386   0.2108   0.4953     4422
       whit_a_0p01   0.2200   0.1688   0.0421   0.7466   0.2022   0.4856     4422

Randomly drop a four month gap during the year
            method     rmse      mae      mbe        m        b       r2        n
       interpolate   0.2159   0.1673   0.0161   0.5778   0.3429   0.5087     4482
        climo_mean   0.1192   0.0894  -0.0003   0.8344   0.1278   0.8467     4482
      climo_median   0.1241   0.0860  -0.0022   0.8531   0.1115   0.8343     4482
             conor   0.1161   0.0872   0.0004   0.8532   0.1140   0.8544     4482
     interp_clim_a   0.1466   0.1137   0.0079   0.7061   0.2354   0.7747     4482
     interp_clim_b   0.1531   0.1174   0.0120   0.6928   0.2497   0.7533     4482
     interp_clim_c   0.1464   0.1125   0.0069   0.7154   0.2272   0.7733     4482
       whit_a_0p50   0.2111   0.1593   0.0152   0.6708   0.2700   0.5487     4482
       whit_a_0p20   0.2120   0.1598   0.0127   0.7061   0.2402   0.5565     4482
       whit_a_0p10   0.2150   0.1621   0.0111   0.7227   0.2257   0.5538     4482
       whit_a_0p05   0.2182   0.1644   0.0099   0.7325   0.2170   0.5487     4482
       whit_a_0p01   0.2230   0.1680   0.0085   0.7411   0.2088   0.5394     4482

Randomly drop a four month gap during the growing season (Apr-Sept)
            method     rmse      mae      mbe        m        b       r2        n
       interpolate   0.1995   0.1586  -0.0760   0.6653   0.2205   0.5721     4482
        climo_mean   0.1053   0.0771  -0.0068   0.8628   0.1148   0.8564     4482
      climo_median   0.1096   0.0745  -0.0055   0.8833   0.0978   0.8457     4482
             conor   0.1023   0.0749  -0.0065   0.8820   0.0981   0.8648     4482
     interp_clim_a   0.1306   0.1026  -0.0414   0.7641   0.1676   0.8020     4482
     interp_clim_b   0.1327   0.1038  -0.0410   0.7593   0.1723   0.7941     4482
     interp_clim_c   0.1304   0.1015  -0.0408   0.7743   0.1592   0.8010     4482
       whit_a_0p50   0.1971   0.1498  -0.0392   0.7236   0.2058   0.5613     4482
       whit_a_0p20   0.1973   0.1489  -0.0307   0.7496   0.1911   0.5654     4482
       whit_a_0p10   0.1997   0.1505  -0.0281   0.7615   0.1832   0.5621     4482
       whit_a_0p05   0.2024   0.1525  -0.0273   0.7683   0.1780   0.5568     4482
       whit_a_0p01   0.2067   0.1557  -0.0273   0.7744   0.1726   0.5474     4482

Randomly drop a four month gap during the the non-growing season (Oct-Mar)
            method     rmse      mae      mbe        m        b       r2        n
       interpolate   0.2305   0.1785   0.1160   0.6315   0.3569   0.5089     4422
        climo_mean   0.1365   0.1042   0.0039   0.7518   0.1662   0.7557     4422
      climo_median   0.1403   0.0992  -0.0009   0.7749   0.1462   0.7429     4422
             conor   0.1333   0.1018   0.0040   0.7704   0.1541   0.7668     4422
     interp_clim_a   0.1621   0.1257   0.0600   0.6917   0.2615   0.7022     4422
     interp_clim_b   0.1713   0.1317   0.0676   0.6788   0.2776   0.6749     4422
     interp_clim_c   0.1619   0.1244   0.0576   0.7032   0.2516   0.6992     4422
       whit_a_0p50   0.2230   0.1711   0.0759   0.6746   0.2886   0.4913     4422
       whit_a_0p20   0.2246   0.1719   0.0608   0.6889   0.2641   0.4787     4422
       whit_a_0p10   0.2280   0.1744   0.0540   0.6964   0.2525   0.4678     4422
       whit_a_0p05   0.2316   0.1771   0.0500   0.7014   0.2452   0.4580     4422
       whit_a_0p01   0.2369   0.1811   0.0461   0.7067   0.2379   0.4451     4422

Randomly drop a six month gap during the year
            method     rmse      mae      mbe        m        b       r2        n
       interpolate   0.2536   0.1996   0.0066   0.4958   0.4003   0.3485     4482
        climo_mean   0.1176   0.0885  -0.0007   0.8311   0.1311   0.8467     4482
      climo_median   0.1214   0.0849  -0.0019   0.8535   0.1125   0.8367     4482
             conor   0.1154   0.0868  -0.0002   0.8428   0.1226   0.8523     4482
     interp_clim_a   0.1607   0.1260   0.0029   0.6635   0.2657   0.7174     4482
     interp_clim_b   0.1679   0.1307   0.0078   0.6475   0.2830   0.6900     4482
     interp_clim_c   0.1599   0.1248   0.0024   0.6747   0.2564   0.7188     4482
       whit_a_0p50   0.2621   0.1981   0.0041   0.5794   0.3326   0.3642     4482
       whit_a_0p20   0.2626   0.1975   0.0027   0.6146   0.3037   0.3796     4482
       whit_a_0p10   0.2652   0.1998   0.0015   0.6303   0.2902   0.3813     4482
       whit_a_0p05   0.2682   0.2024   0.0003   0.6390   0.2822   0.3791     4482
       whit_a_0p01   0.2729   0.2063  -0.0013   0.6463   0.2749   0.3729     4482

Randomly drop a six month gap during the growing season (Apr-Sept)
            method     rmse      mae      mbe        m        b       r2        n
       interpolate   0.2685   0.2125  -0.0900   0.5119   0.3222   0.3390     4482
        climo_mean   0.1097   0.0818  -0.0031   0.8468   0.1262   0.8594     4482
      climo_median   0.1134   0.0788  -0.0019   0.8646   0.1124   0.8496     4482
             conor   0.1089   0.0811  -0.0025   0.8560   0.1190   0.8611     4482
     interp_clim_a   0.1623   0.1289  -0.0466   0.6794   0.2242   0.7191     4482
     interp_clim_b   0.1670   0.1319  -0.0445   0.6684   0.2355   0.6978     4482
     interp_clim_c   0.1616   0.1279  -0.0460   0.6882   0.2173   0.7202     4482
       whit_a_0p50   0.2832   0.2145  -0.0746   0.5640   0.2936   0.3175     4482
       whit_a_0p20   0.2839   0.2139  -0.0651   0.5883   0.2826   0.3232     4482
       whit_a_0p10   0.2867   0.2158  -0.0604   0.5998   0.2776   0.3212     4482
       whit_a_0p05   0.2900   0.2182  -0.0574   0.6062   0.2750   0.3171     4482
       whit_a_0p01   0.2952   0.2223  -0.0549   0.6115   0.2731   0.3095     4482

Randomly drop a six month gap during the the non-growing season (Oct-Mar)
            method     rmse      mae      mbe        m        b       r2        n
       interpolate   0.2360   0.1829   0.0976   0.5785   0.4011   0.4864     4422
        climo_mean   0.1260   0.0952   0.0015   0.8170   0.1332   0.8175     4422
      climo_median   0.1296   0.0909  -0.0004   0.8400   0.1148   0.8080     4422
             conor   0.1234   0.0932   0.0011   0.8314   0.1224   0.8249     4422
     interp_clim_a   0.1578   0.1223   0.0495   0.6977   0.2672   0.7449     4422
     interp_clim_b   0.1673   0.1283   0.0568   0.6820   0.2858   0.7169     4422
     interp_clim_c   0.1576   0.1211   0.0486   0.7092   0.2579   0.7430     4422
       whit_a_0p50   0.2337   0.1793   0.0785   0.6711   0.3153   0.5008     4422
       whit_a_0p20   0.2355   0.1803   0.0661   0.6958   0.2851   0.4943     4422
       whit_a_0p10   0.2397   0.1834   0.0595   0.7047   0.2721   0.4825     4422
       whit_a_0p05   0.2440   0.1867   0.0548   0.7089   0.2645   0.4705     4422
       whit_a_0p01   0.2503   0.1916   0.0499   0.7122   0.2571   0.4544     4422

